555
556
557
558
559
560
561
562
563
564
565
566
567
571
589
590
591
592
599
600
603
1006
1026
1027
1028
1029
1100
1101
1102
1103
1104
1105
1106
1107
1108
1109
1110
1111
1112
1113
1114
1115
1116
1117
1118
1119
1120
1121
1122
1123
1124
1125
1126
1127
1128
1129
1130
1131
1132
1133
1134
1135
1136
1137
1138
1139
1140
1141
1142
1143
1144
1145
1146
1233
1234
1252
1253
1254
1255
1256
1257
1258
1259
1260
1261
1262
1263
1264
1268
1269
1277
1278
1279
1280
1281
1282
1283
1284
1285
1286
4683
4684
4685
4686
4687
4688
4689
4690
4691
4692
4693
4694
4695
4696
4697
4698
4699
4700
4735
4736
4737
4746
4757
4758
4759
4760
4761
4762
4763
4774
4775
4776
4777
4778
4784
4785
